edge = {
1,21;
21,1;
1,2;
2,1;
2,26;
26,2;
2,3;
3,2;
3,4;
4,3;
3,22;
22,3;
3,23;
23,3;
4,12;
12,4;
4,5;
5,4;
5,6;
6,5;
5,21;
21,5;
6,10;
10,6;
6,7;
7,6;
7,8;
8,7;
8,9;
9,8;
9,10;
10,9;
9,14;
14,9;
10,11;
11,10;
10,13;
13,10;
11,12;
12,11;
14,15;
15,14;
14,20;
20,14;
15,16;
16,15;
16,17;
17,16;
16,18;
18,16;
16,19;
19,16;
23,24;
24,23;
24,25;
25,24;
25,26;
26,25;
25,27;
27,25;
}
label = {
1,6;
2,6;
3,6;
4,6;
5,6;
6,6;
7,6;
8,6;
9,6;
10,6;
11,6;
12,6;
13,6;
14,6;
15,7;
16,6;
17,6;
18,6;
19,6;
20,8;
21,6;
22,6;
23,6;
24,6;
25,6;
26,7;
27,8;
}