edge = {
1,24;
24,1;
1,2;
2,1;
1,20;
20,1;
2,7;
7,2;
2,3;
3,2;
3,4;
4,3;
3,16;
16,3;
4,5;
5,4;
4,15;
15,4;
5,6;
6,5;
6,7;
7,6;
6,14;
14,6;
7,8;
8,7;
8,9;
9,8;
8,10;
10,8;
10,11;
11,10;
11,12;
12,11;
11,13;
13,11;
16,17;
17,16;
16,18;
18,16;
18,19;
19,18;
20,21;
21,20;
21,22;
22,21;
22,23;
23,22;
23,27;
27,23;
23,24;
24,23;
24,25;
25,24;
25,26;
26,25;
26,27;
27,26;
}
label = {
1,6;
2,6;
3,6;
4,6;
5,7;
6,6;
7,6;
8,6;
9,8;
10,8;
11,6;
12,6;
13,6;
14,6;
15,6;
16,6;
17,8;
18,8;
19,6;
20,6;
21,6;
22,6;
23,6;
24,6;
25,7;
26,8;
27,7;
}