edge = {
1,18;
18,1;
1,2;
2,1;
1,14;
14,1;
2,3;
3,2;
3,4;
4,3;
4,5;
5,4;
5,10;
10,5;
5,6;
6,5;
6,7;
7,6;
7,8;
8,7;
8,9;
9,8;
8,11;
11,8;
9,10;
10,9;
11,12;
12,11;
12,13;
13,12;
14,30;
30,14;
14,15;
15,14;
15,16;
16,15;
15,27;
27,15;
16,17;
17,16;
17,22;
22,17;
17,18;
18,17;
18,19;
19,18;
19,20;
20,19;
20,21;
21,20;
20,23;
23,20;
21,22;
22,21;
23,24;
24,23;
23,25;
25,23;
23,26;
26,23;
27,28;
28,27;
28,29;
29,28;
29,30;
30,29;
}
label = {
1,6;
2,6;
3,6;
4,6;
5,7;
6,6;
7,6;
8,7;
9,6;
10,6;
11,6;
12,6;
13,8;
14,6;
15,6;
16,16;
17,6;
18,6;
19,6;
20,6;
21,6;
22,6;
23,6;
24,9;
25,9;
26,9;
27,6;
28,6;
29,6;
30,6;
}