edge = {
1,6;
6,1;
1,2;
2,1;
1,8;
8,1;
2,3;
3,2;
3,4;
4,3;
4,5;
5,4;
4,7;
7,4;
5,6;
6,5;
8,25;
25,8;
8,9;
9,8;
8,26;
26,8;
9,10;
10,9;
10,11;
11,10;
11,12;
12,11;
11,24;
24,11;
12,13;
13,12;
13,14;
14,13;
14,15;
15,14;
15,16;
16,15;
15,23;
23,15;
16,21;
21,16;
16,17;
17,16;
17,18;
18,17;
18,19;
19,18;
19,20;
20,19;
19,22;
22,19;
20,21;
21,20;
24,25;
25,24;
}
label = {
1,6;
2,6;
3,6;
4,6;
5,6;
6,6;
7,17;
8,6;
9,6;
10,6;
11,7;
12,6;
13,6;
14,6;
15,6;
16,6;
17,6;
18,6;
19,6;
20,6;
21,6;
22,9;
23,8;
24,6;
25,6;
26,8;
}