edge = {
1,7;
7,1;
1,2;
2,1;
1,5;
5,1;
2,3;
3,2;
2,28;
28,2;
3,4;
4,3;
3,26;
26,3;
3,27;
27,3;
4,5;
5,4;
5,6;
6,5;
6,7;
7,6;
6,9;
9,6;
7,8;
8,7;
9,10;
10,9;
10,11;
11,10;
10,25;
25,10;
11,23;
23,11;
11,12;
12,11;
12,13;
13,12;
12,21;
21,12;
13,18;
18,13;
13,14;
14,13;
14,15;
15,14;
14,20;
20,14;
15,16;
16,15;
16,17;
17,16;
17,18;
18,17;
18,19;
19,18;
21,22;
22,21;
22,23;
23,22;
23,24;
24,23;
28,29;
29,28;
28,30;
30,28;
}
label = {
1,7;
2,6;
3,6;
4,16;
5,6;
6,6;
7,6;
8,8;
9,7;
10,6;
11,6;
12,6;
13,6;
14,6;
15,6;
16,6;
17,6;
18,6;
19,17;
20,17;
21,7;
22,8;
23,6;
24,6;
25,8;
26,6;
27,6;
28,6;
29,8;
30,8;
}