edge = {
1,6;
6,1;
1,2;
2,1;
1,18;
18,1;
2,3;
3,2;
3,4;
4,3;
4,5;
5,4;
5,6;
6,5;
6,7;
7,6;
7,8;
8,7;
8,9;
9,8;
9,10;
10,9;
9,17;
17,9;
10,11;
11,10;
11,12;
12,11;
12,13;
13,12;
12,14;
14,12;
12,15;
15,12;
15,16;
16,15;
18,19;
19,18;
18,27;
27,18;
19,20;
20,19;
20,21;
21,20;
21,26;
26,21;
21,22;
22,21;
22,23;
23,22;
23,24;
24,23;
24,25;
25,24;
25,26;
26,25;
}
label = {
1,6;
2,6;
3,6;
4,6;
5,6;
6,6;
7,8;
8,6;
9,6;
10,6;
11,7;
12,6;
13,6;
14,6;
15,6;
16,6;
17,8;
18,6;
19,6;
20,6;
21,6;
22,6;
23,6;
24,6;
25,6;
26,6;
27,8;
}