edge = {
1,6;
6,1;
1,2;
2,1;
1,19;
19,1;
2,3;
3,2;
3,4;
4,3;
3,13;
13,3;
4,5;
5,4;
5,6;
6,5;
6,7;
7,6;
7,8;
8,7;
8,9;
9,8;
9,10;
10,9;
9,11;
11,9;
9,12;
12,9;
13,14;
14,13;
14,15;
15,14;
15,16;
16,15;
15,17;
17,15;
15,18;
18,15;
19,20;
20,19;
19,28;
28,19;
20,21;
21,20;
21,22;
22,21;
22,27;
27,22;
22,23;
23,22;
23,24;
24,23;
24,25;
25,24;
25,26;
26,25;
26,27;
27,26;
}
label = {
1,6;
2,6;
3,6;
4,6;
5,6;
6,6;
7,8;
8,6;
9,6;
10,9;
11,9;
12,9;
13,8;
14,6;
15,6;
16,9;
17,9;
18,9;
19,6;
20,7;
21,6;
22,6;
23,6;
24,6;
25,6;
26,6;
27,7;
28,8;
}