edge = {
1,11;
11,1;
1,2;
2,1;
1,8;
8,1;
2,7;
7,2;
2,3;
3,2;
3,4;
4,3;
4,5;
5,4;
5,6;
6,5;
6,7;
7,6;
8,9;
9,8;
8,29;
29,8;
9,10;
10,9;
9,19;
19,9;
10,11;
11,10;
10,18;
18,10;
11,12;
12,11;
12,17;
17,12;
12,13;
13,12;
13,14;
14,13;
14,15;
15,14;
15,16;
16,15;
16,17;
17,16;
19,20;
20,19;
20,21;
21,20;
21,22;
22,21;
21,28;
28,21;
22,27;
27,22;
22,23;
23,22;
23,24;
24,23;
24,25;
25,24;
25,26;
26,25;
26,27;
27,26;
}
label = {
1,7;
2,6;
3,6;
4,6;
5,6;
6,6;
7,6;
8,6;
9,6;
10,6;
11,7;
12,6;
13,6;
14,6;
15,6;
16,6;
17,6;
18,8;
19,6;
20,6;
21,16;
22,6;
23,6;
24,6;
25,6;
26,6;
27,6;
28,8;
29,8;
}