edge = {
1,25;
25,1;
1,30;
30,1;
1,2;
2,1;
2,3;
3,2;
2,26;
26,2;
2,27;
27,2;
3,9;
9,3;
3,4;
4,3;
4,5;
5,4;
4,24;
24,4;
5,13;
13,5;
5,6;
6,5;
6,7;
7,6;
6,8;
8,6;
6,11;
11,6;
8,9;
9,8;
9,10;
10,9;
11,16;
16,11;
11,12;
12,11;
11,20;
20,11;
12,13;
13,12;
12,14;
14,12;
14,15;
15,14;
15,16;
16,15;
15,17;
17,15;
17,18;
18,17;
18,19;
19,18;
20,21;
21,20;
20,23;
23,20;
21,22;
22,21;
24,25;
25,24;
27,28;
28,27;
28,29;
29,28;
29,30;
30,29;
29,31;
31,29;
}
label = {
1,6;
2,6;
3,6;
4,6;
5,6;
6,6;
7,6;
8,6;
9,6;
10,8;
11,6;
12,6;
13,6;
14,8;
15,6;
16,8;
17,6;
18,6;
19,6;
20,6;
21,6;
22,8;
23,8;
24,6;
25,6;
26,6;
27,6;
28,6;
29,6;
30,6;
31,8;
}