edge = {
1,25;
25,1;
1,2;
2,1;
1,21;
21,1;
2,7;
7,2;
2,3;
3,2;
3,4;
4,3;
3,17;
17,3;
4,5;
5,4;
4,16;
16,4;
5,6;
6,5;
6,7;
7,6;
6,15;
15,6;
7,8;
8,7;
8,9;
9,8;
8,10;
10,8;
10,11;
11,10;
11,12;
12,11;
12,13;
13,12;
12,14;
14,12;
17,18;
18,17;
17,19;
19,17;
19,20;
20,19;
21,22;
22,21;
22,23;
23,22;
23,24;
24,23;
24,25;
25,24;
25,26;
26,25;
26,27;
27,26;
26,28;
28,26;
}
label = {
1,6;
2,6;
3,6;
4,6;
5,7;
6,6;
7,6;
8,6;
9,8;
10,8;
11,6;
12,6;
13,6;
14,6;
15,6;
16,6;
17,6;
18,8;
19,8;
20,6;
21,6;
22,6;
23,6;
24,6;
25,6;
26,7;
27,8;
28,8;
}