edge = {
1,5;
5,1;
1,2;
2,1;
1,18;
18,1;
2,16;
16,2;
2,3;
3,2;
3,4;
4,3;
3,13;
13,3;
4,5;
5,4;
5,6;
6,5;
6,11;
11,6;
6,7;
7,6;
7,8;
8,7;
8,9;
9,8;
9,10;
10,9;
9,12;
12,9;
10,11;
11,10;
13,14;
14,13;
14,15;
15,14;
14,17;
17,14;
15,16;
16,15;
18,19;
19,18;
18,34;
34,18;
19,24;
24,19;
19,20;
20,19;
20,21;
21,20;
21,22;
22,21;
22,23;
23,22;
22,25;
25,22;
23,24;
24,23;
25,26;
26,25;
26,27;
27,26;
27,28;
28,27;
28,33;
33,28;
28,29;
29,28;
29,30;
30,29;
30,31;
31,30;
31,32;
32,31;
32,33;
33,32;
}
label = {
1,6;
2,6;
3,6;
4,16;
5,6;
6,6;
7,6;
8,6;
9,6;
10,6;
11,6;
12,8;
13,6;
14,6;
15,6;
16,6;
17,8;
18,6;
19,6;
20,6;
21,6;
22,6;
23,6;
24,6;
25,8;
26,6;
27,6;
28,7;
29,6;
30,6;
31,6;
32,6;
33,6;
34,8;
}