edge = {
1,15;
15,1;
1,2;
2,1;
1,22;
22,1;
2,3;
3,2;
2,12;
12,2;
3,8;
8,3;
3,4;
4,3;
4,5;
5,4;
5,6;
6,5;
6,7;
7,6;
7,8;
8,7;
7,9;
9,7;
9,10;
10,9;
9,11;
11,9;
12,13;
13,12;
12,18;
18,12;
13,14;
14,13;
13,17;
17,13;
14,15;
15,14;
15,16;
16,15;
18,19;
19,18;
18,20;
20,18;
20,21;
21,20;
22,23;
23,22;
22,24;
24,22;
24,25;
25,24;
25,26;
26,25;
}
label = {
1,6;
2,6;
3,6;
4,6;
5,6;
6,6;
7,6;
8,6;
9,7;
10,8;
11,8;
12,6;
13,6;
14,7;
15,6;
16,6;
17,6;
18,6;
19,8;
20,8;
21,6;
22,6;
23,8;
24,8;
25,6;
26,6;
}