edge = {
1,10;
10,1;
1,2;
2,1;
1,6;
6,1;
2,3;
3,2;
2,34;
34,2;
3,4;
4,3;
3,12;
12,3;
3,28;
28,3;
4,5;
5,4;
5,6;
6,5;
6,7;
7,6;
7,8;
8,7;
8,9;
9,8;
8,11;
11,8;
9,10;
10,9;
12,13;
13,12;
13,14;
14,13;
14,15;
15,14;
14,16;
16,14;
16,17;
17,16;
17,18;
18,17;
18,19;
19,18;
19,27;
27,19;
19,20;
20,19;
20,21;
21,20;
21,26;
26,21;
21,22;
22,21;
22,23;
23,22;
23,24;
24,23;
24,25;
25,24;
25,26;
26,25;
26,27;
27,26;
28,29;
29,28;
29,30;
30,29;
29,33;
33,29;
30,31;
31,30;
31,32;
32,31;
34,35;
35,34;
34,36;
36,34;
}
label = {
1,6;
2,6;
3,6;
4,6;
5,6;
6,6;
7,6;
8,6;
9,6;
10,6;
11,9;
12,6;
13,6;
14,7;
15,6;
16,6;
17,6;
18,6;
19,6;
20,7;
21,6;
22,6;
23,6;
24,6;
25,6;
26,6;
27,7;
28,8;
29,6;
30,6;
31,8;
32,6;
33,8;
34,6;
35,6;
36,6;
}