edge = {
1,29;
29,1;
1,2;
2,1;
1,22;
22,1;
2,7;
7,2;
2,3;
3,2;
3,4;
4,3;
4,5;
5,4;
5,6;
6,5;
5,8;
8,5;
6,7;
7,6;
8,9;
9,8;
9,10;
10,9;
10,20;
20,10;
10,11;
11,10;
11,12;
12,11;
11,13;
13,11;
13,14;
14,13;
14,19;
19,14;
14,15;
15,14;
15,16;
16,15;
16,17;
17,16;
17,18;
18,17;
18,19;
19,18;
19,20;
20,19;
20,21;
21,20;
22,27;
27,22;
22,23;
23,22;
23,24;
24,23;
24,25;
25,24;
25,26;
26,25;
25,30;
30,25;
26,27;
27,26;
27,28;
28,27;
28,29;
29,28;
}
label = {
1,6;
2,6;
3,6;
4,6;
5,7;
6,6;
7,6;
8,6;
9,6;
10,6;
11,6;
12,6;
13,7;
14,6;
15,6;
16,6;
17,6;
18,6;
19,7;
20,6;
21,8;
22,6;
23,6;
24,6;
25,6;
26,6;
27,6;
28,8;
29,7;
30,9;
}