edge = {
1,6;
6,1;
1,9;
9,1;
1,2;
2,1;
2,3;
3,2;
3,4;
4,3;
4,5;
5,4;
5,6;
6,5;
6,7;
7,6;
7,8;
8,7;
8,9;
9,8;
8,10;
10,8;
10,11;
11,10;
10,25;
25,10;
11,12;
12,11;
12,18;
18,12;
12,13;
13,12;
13,14;
14,13;
13,15;
15,13;
15,16;
16,15;
15,19;
19,15;
16,17;
17,16;
17,18;
18,17;
19,20;
20,19;
20,21;
21,20;
21,22;
22,21;
21,23;
23,21;
21,24;
24,21;
}
label = {
1,6;
2,6;
3,6;
4,6;
5,6;
6,6;
7,7;
8,6;
9,7;
10,16;
11,6;
12,6;
13,6;
14,6;
15,6;
16,6;
17,6;
18,7;
19,8;
20,6;
21,6;
22,9;
23,9;
24,9;
25,8;
}