edge = {
1,2;
2,1;
1,3;
3,1;
1,4;
4,1;
1,5;
5,1;
5,10;
10,5;
5,6;
6,5;
6,7;
7,6;
7,8;
8,7;
7,16;
16,7;
8,9;
9,8;
9,10;
10,9;
9,12;
12,9;
10,11;
11,10;
12,13;
13,12;
12,14;
14,12;
12,15;
15,12;
16,17;
17,16;
17,18;
18,17;
17,19;
19,17;
17,20;
20,17;
20,21;
21,20;
21,30;
30,21;
21,22;
22,21;
22,23;
23,22;
23,24;
24,23;
23,28;
28,23;
24,25;
25,24;
24,26;
26,24;
24,27;
27,24;
28,29;
29,28;
28,35;
35,28;
29,30;
30,29;
29,31;
31,29;
31,32;
32,31;
31,33;
33,31;
31,34;
34,31;
}
label = {
1,6;
2,6;
3,6;
4,6;
5,6;
6,6;
7,6;
8,6;
9,6;
10,6;
11,8;
12,6;
13,6;
14,6;
15,6;
16,16;
17,6;
18,6;
19,6;
20,16;
21,6;
22,6;
23,6;
24,6;
25,6;
26,6;
27,6;
28,6;
29,6;
30,6;
31,6;
32,6;
33,6;
34,6;
35,8;
}