edge = {
1,16;
16,1;
1,2;
2,1;
1,12;
12,1;
2,3;
3,2;
3,4;
4,3;
4,5;
5,4;
5,11;
11,5;
5,6;
6,5;
6,7;
7,6;
7,8;
8,7;
8,9;
9,8;
8,10;
10,8;
10,11;
11,10;
12,25;
25,12;
12,13;
13,12;
13,14;
14,13;
13,22;
22,13;
14,15;
15,14;
15,20;
20,15;
15,16;
16,15;
16,17;
17,16;
17,18;
18,17;
18,19;
19,18;
18,21;
21,18;
19,20;
20,19;
22,23;
23,22;
23,24;
24,23;
24,25;
25,24;
}
label = {
1,7;
2,6;
3,6;
4,6;
5,7;
6,6;
7,6;
8,7;
9,6;
10,6;
11,6;
12,6;
13,6;
14,16;
15,6;
16,6;
17,6;
18,6;
19,6;
20,6;
21,17;
22,6;
23,6;
24,6;
25,6;
}