edge = {
1,2;
2,1;
1,24;
24,1;
2,11;
11,2;
2,3;
3,2;
3,8;
8,3;
3,4;
4,3;
4,5;
5,4;
4,14;
14,4;
5,6;
6,5;
5,13;
13,5;
6,7;
7,6;
7,8;
8,7;
8,9;
9,8;
9,10;
10,9;
10,11;
11,10;
10,12;
12,10;
14,15;
15,14;
15,16;
16,15;
16,22;
22,16;
16,17;
17,16;
17,18;
18,17;
18,19;
19,18;
18,23;
23,18;
19,20;
20,19;
20,21;
21,20;
20,22;
22,20;
24,25;
25,24;
24,30;
30,24;
25,26;
26,25;
25,27;
27,25;
25,28;
28,25;
28,29;
29,28;
}
label = {
1,8;
2,6;
3,6;
4,6;
5,6;
6,6;
7,6;
8,6;
9,6;
10,6;
11,6;
12,6;
13,6;
14,6;
15,6;
16,6;
17,6;
18,6;
19,6;
20,6;
21,8;
22,8;
23,8;
24,6;
25,6;
26,6;
27,6;
28,6;
29,6;
30,8;
}