edge = {
1,6;
6,1;
1,2;
2,1;
1,11;
11,1;
2,3;
3,2;
3,4;
4,3;
3,10;
10,3;
4,5;
5,4;
4,9;
9,4;
5,6;
6,5;
6,7;
7,6;
7,8;
8,7;
11,12;
12,11;
11,32;
32,11;
12,13;
13,12;
13,18;
18,13;
13,14;
14,13;
14,15;
15,14;
15,16;
16,15;
16,17;
17,16;
16,21;
21,16;
17,18;
18,17;
18,19;
19,18;
19,20;
20,19;
21,22;
22,21;
22,23;
23,22;
23,24;
24,23;
24,25;
25,24;
25,30;
30,25;
25,26;
26,25;
26,27;
27,26;
27,28;
28,27;
28,29;
29,28;
28,31;
31,28;
29,30;
30,29;
}
label = {
1,6;
2,6;
3,6;
4,6;
5,6;
6,6;
7,8;
8,6;
9,7;
10,17;
11,6;
12,7;
13,6;
14,6;
15,6;
16,7;
17,6;
18,6;
19,8;
20,6;
21,6;
22,6;
23,6;
24,8;
25,6;
26,6;
27,6;
28,6;
29,6;
30,6;
31,9;
32,8;
}