edge = {
1,10;
10,1;
1,14;
14,1;
1,2;
2,1;
2,7;
7,2;
2,3;
3,2;
3,15;
15,3;
3,4;
4,3;
4,5;
5,4;
4,26;
26,4;
5,6;
6,5;
6,7;
7,6;
7,8;
8,7;
7,25;
25,7;
8,9;
9,8;
8,17;
17,8;
9,10;
10,9;
10,11;
11,10;
11,12;
12,11;
12,13;
13,12;
13,14;
14,13;
13,16;
16,13;
14,15;
15,14;
17,18;
18,17;
17,22;
22,17;
18,19;
19,18;
19,21;
21,19;
19,20;
20,19;
20,21;
21,20;
22,23;
23,22;
23,24;
24,23;
}
label = {
1,6;
2,6;
3,6;
4,6;
5,6;
6,6;
7,6;
8,6;
9,6;
10,6;
11,6;
12,6;
13,6;
14,6;
15,8;
16,8;
17,7;
18,6;
19,6;
20,6;
21,6;
22,6;
23,6;
24,16;
25,8;
26,8;
}