edge = {
1,32;
32,1;
1,2;
2,1;
1,28;
28,1;
2,7;
7,2;
2,3;
3,2;
3,4;
4,3;
3,24;
24,3;
4,5;
5,4;
4,23;
23,4;
5,6;
6,5;
6,7;
7,6;
6,22;
22,6;
7,8;
8,7;
8,9;
9,8;
8,10;
10,8;
10,11;
11,10;
11,12;
12,11;
12,13;
13,12;
13,14;
14,13;
13,15;
15,13;
15,16;
16,15;
16,21;
21,16;
16,17;
17,16;
17,18;
18,17;
18,19;
19,18;
19,20;
20,19;
20,21;
21,20;
24,25;
25,24;
24,26;
26,24;
26,27;
27,26;
28,29;
29,28;
29,30;
30,29;
30,31;
31,30;
31,32;
32,31;
31,33;
33,31;
33,34;
34,33;
33,35;
35,33;
}
label = {
1,6;
2,6;
3,6;
4,6;
5,7;
6,6;
7,6;
8,6;
9,8;
10,8;
11,6;
12,6;
13,7;
14,6;
15,6;
16,6;
17,6;
18,6;
19,6;
20,6;
21,6;
22,6;
23,6;
24,6;
25,8;
26,8;
27,6;
28,6;
29,6;
30,6;
31,6;
32,6;
33,7;
34,8;
35,8;
}