edge = {
1,7;
7,1;
1,2;
2,1;
1,17;
17,1;
2,16;
16,2;
2,3;
3,2;
3,4;
4,3;
3,13;
13,3;
4,5;
5,4;
4,12;
12,4;
5,6;
6,5;
6,11;
11,6;
6,7;
7,6;
7,8;
8,7;
8,9;
9,8;
9,10;
10,9;
10,11;
11,10;
13,14;
14,13;
14,15;
15,14;
15,16;
16,15;
17,18;
18,17;
17,26;
26,17;
18,19;
19,18;
19,25;
25,19;
19,20;
20,19;
20,21;
21,20;
21,22;
22,21;
22,23;
23,22;
22,24;
24,22;
24,25;
25,24;
}
label = {
1,7;
2,6;
3,6;
4,6;
5,7;
6,6;
7,6;
8,7;
9,6;
10,6;
11,6;
12,8;
13,6;
14,6;
15,6;
16,6;
17,6;
18,6;
19,7;
20,6;
21,6;
22,7;
23,6;
24,6;
25,6;
26,8;
}