edge = {
1,5;
5,1;
1,2;
2,1;
2,15;
15,2;
2,3;
3,2;
3,4;
4,3;
3,11;
11,3;
3,12;
12,3;
4,9;
9,4;
4,5;
5,4;
4,6;
6,4;
6,7;
7,6;
7,8;
8,7;
8,9;
9,8;
8,10;
10,8;
12,13;
13,12;
13,14;
14,13;
14,19;
19,14;
14,15;
15,14;
15,16;
16,15;
16,17;
17,16;
16,26;
26,16;
17,18;
18,17;
18,24;
24,18;
18,19;
19,18;
19,20;
20,19;
19,21;
21,19;
21,22;
22,21;
22,23;
23,22;
23,24;
24,23;
23,25;
25,23;
26,27;
27,26;
27,28;
28,27;
27,29;
29,27;
}
label = {
1,6;
2,6;
3,6;
4,6;
5,6;
6,6;
7,6;
8,6;
9,8;
10,8;
11,6;
12,6;
13,6;
14,6;
15,6;
16,6;
17,6;
18,6;
19,6;
20,6;
21,6;
22,6;
23,6;
24,6;
25,8;
26,16;
27,6;
28,6;
29,8;
}