edge = {
1,9;
9,1;
1,2;
2,1;
1,14;
14,1;
2,7;
7,2;
2,3;
3,2;
3,4;
4,3;
4,5;
5,4;
5,6;
6,5;
6,7;
7,6;
7,8;
8,7;
8,9;
9,8;
9,10;
10,9;
10,11;
11,10;
11,12;
12,11;
12,13;
13,12;
14,15;
15,14;
14,31;
31,14;
15,20;
20,15;
15,16;
16,15;
16,17;
17,16;
17,18;
18,17;
17,30;
30,17;
18,19;
19,18;
18,22;
22,18;
19,20;
20,19;
19,21;
21,19;
22,23;
23,22;
23,24;
24,23;
24,25;
25,24;
25,26;
26,25;
25,28;
28,25;
26,27;
27,26;
28,29;
29,28;
}
label = {
1,6;
2,6;
3,6;
4,6;
5,6;
6,6;
7,6;
8,8;
9,6;
10,6;
11,6;
12,6;
13,6;
14,6;
15,6;
16,6;
17,6;
18,6;
19,6;
20,6;
21,53;
22,8;
23,6;
24,6;
25,7;
26,6;
27,6;
28,6;
29,6;
30,53;
31,8;
}