edge = {
1,2;
2,1;
1,9;
9,1;
1,22;
22,1;
2,3;
3,2;
3,8;
8,3;
3,4;
4,3;
4,5;
5,4;
5,6;
6,5;
6,7;
7,6;
7,8;
8,7;
9,10;
10,9;
10,11;
11,10;
10,17;
17,10;
11,12;
12,11;
12,13;
13,12;
13,14;
14,13;
14,15;
15,14;
14,16;
16,14;
17,21;
21,17;
17,18;
18,17;
18,19;
19,18;
19,20;
20,19;
20,21;
21,20;
22,27;
27,22;
22,23;
23,22;
23,24;
24,23;
24,25;
25,24;
25,26;
26,25;
26,27;
27,26;
}
label = {
1,7;
2,6;
3,6;
4,6;
5,6;
6,6;
7,6;
8,6;
9,6;
10,6;
11,6;
12,8;
13,6;
14,6;
15,6;
16,6;
17,7;
18,6;
19,6;
20,6;
21,6;
22,6;
23,6;
24,6;
25,6;
26,6;
27,6;
}