edge = {
1,22;
22,1;
1,2;
2,1;
1,17;
17,1;
2,3;
3,2;
3,4;
4,3;
4,5;
5,4;
5,6;
6,5;
5,7;
7,5;
7,8;
8,7;
8,9;
9,8;
8,16;
16,8;
9,14;
14,9;
9,10;
10,9;
10,11;
11,10;
11,12;
12,11;
12,13;
13,12;
12,15;
15,12;
13,14;
14,13;
17,30;
30,17;
17,18;
18,17;
18,19;
19,18;
18,27;
27,18;
19,20;
20,19;
20,21;
21,20;
21,26;
26,21;
21,22;
22,21;
22,23;
23,22;
23,24;
24,23;
24,25;
25,24;
25,26;
26,25;
27,28;
28,27;
28,29;
29,28;
29,30;
30,29;
}
label = {
1,7;
2,6;
3,6;
4,6;
5,7;
6,6;
7,6;
8,6;
9,6;
10,6;
11,6;
12,6;
13,6;
14,6;
15,17;
16,8;
17,6;
18,6;
19,6;
20,6;
21,6;
22,6;
23,6;
24,6;
25,6;
26,6;
27,6;
28,6;
29,6;
30,6;
}