edge = {
1,21;
21,1;
1,2;
2,1;
2,3;
3,2;
2,23;
23,2;
2,27;
27,2;
3,12;
12,3;
3,4;
4,3;
3,22;
22,3;
4,5;
5,4;
4,21;
21,4;
5,10;
10,5;
5,6;
6,5;
6,7;
7,6;
7,8;
8,7;
7,20;
20,7;
8,18;
18,8;
8,9;
9,8;
9,10;
10,9;
9,14;
14,9;
9,15;
15,9;
10,11;
11,10;
11,12;
12,11;
11,13;
13,11;
15,16;
16,15;
16,17;
17,16;
17,18;
18,17;
17,19;
19,17;
23,24;
24,23;
23,26;
26,23;
24,25;
25,24;
}
label = {
1,6;
2,6;
3,6;
4,6;
5,6;
6,6;
7,6;
8,6;
9,6;
10,6;
11,6;
12,6;
13,8;
14,6;
15,6;
16,6;
17,6;
18,6;
19,8;
20,6;
21,6;
22,6;
23,6;
24,6;
25,8;
26,8;
27,8;
}