edge = {
1,8;
8,1;
1,12;
12,1;
1,2;
2,1;
2,14;
14,2;
2,18;
18,2;
2,3;
3,2;
3,4;
4,3;
4,5;
5,4;
5,6;
6,5;
5,22;
22,5;
6,18;
18,6;
6,7;
7,6;
7,8;
8,7;
8,9;
9,8;
9,10;
10,9;
10,11;
11,10;
11,12;
12,11;
11,21;
21,11;
12,13;
13,12;
13,14;
14,13;
14,15;
15,14;
15,16;
16,15;
15,20;
20,15;
16,17;
17,16;
17,18;
18,17;
18,19;
19,18;
22,23;
23,22;
23,26;
26,23;
23,24;
24,23;
24,25;
25,24;
25,26;
26,25;
}
label = {
1,6;
2,6;
3,6;
4,6;
5,7;
6,6;
7,6;
8,6;
9,6;
10,6;
11,6;
12,6;
13,8;
14,6;
15,6;
16,6;
17,6;
18,6;
19,8;
20,8;
21,8;
22,6;
23,6;
24,6;
25,6;
26,6;
}