edge = {
1,20;
20,1;
1,25;
25,1;
1,2;
2,1;
2,3;
3,2;
2,21;
21,2;
2,22;
22,2;
3,11;
11,3;
3,4;
4,3;
4,5;
5,4;
4,19;
19,4;
5,9;
9,5;
5,6;
6,5;
6,7;
7,6;
7,8;
8,7;
8,9;
9,8;
8,14;
14,8;
8,18;
18,8;
9,10;
10,9;
9,13;
13,9;
10,11;
11,10;
11,12;
12,11;
14,15;
15,14;
14,17;
17,14;
15,16;
16,15;
19,20;
20,19;
22,23;
23,22;
23,24;
24,23;
24,25;
25,24;
24,26;
26,24;
}
label = {
1,6;
2,6;
3,6;
4,6;
5,6;
6,6;
7,6;
8,6;
9,6;
10,6;
11,6;
12,8;
13,6;
14,6;
15,6;
16,8;
17,8;
18,8;
19,6;
20,6;
21,6;
22,6;
23,6;
24,6;
25,6;
26,8;
}