edge = {
1,11;
11,1;
1,2;
2,1;
2,6;
6,2;
2,18;
18,2;
2,3;
3,2;
3,24;
24,3;
3,4;
4,3;
4,5;
5,4;
4,21;
21,4;
5,6;
6,5;
5,20;
20,5;
6,7;
7,6;
7,12;
12,7;
7,8;
8,7;
8,9;
9,8;
9,14;
14,9;
9,10;
10,9;
10,11;
11,10;
10,18;
18,10;
11,12;
12,11;
12,13;
13,12;
13,14;
14,13;
13,17;
17,13;
14,15;
15,14;
15,16;
16,15;
18,19;
19,18;
21,22;
22,21;
22,23;
23,22;
23,24;
24,23;
}
label = {
1,6;
2,6;
3,6;
4,6;
5,7;
6,6;
7,6;
8,6;
9,6;
10,6;
11,6;
12,7;
13,6;
14,6;
15,6;
16,6;
17,8;
18,6;
19,8;
20,6;
21,6;
22,6;
23,6;
24,6;
}