edge = {
1,6;
6,1;
1,14;
14,1;
1,2;
2,1;
2,3;
3,2;
3,4;
4,3;
3,25;
25,3;
4,5;
5,4;
5,6;
6,5;
6,7;
7,6;
7,8;
8,7;
8,13;
13,8;
8,9;
9,8;
9,10;
10,9;
10,11;
11,10;
11,12;
12,11;
12,13;
13,12;
13,14;
14,13;
14,15;
15,14;
15,16;
16,15;
15,24;
24,15;
16,17;
17,16;
17,18;
18,17;
18,23;
23,18;
18,19;
19,18;
19,20;
20,19;
20,21;
21,20;
21,22;
22,21;
22,23;
23,22;
25,26;
26,25;
26,27;
27,26;
26,28;
28,26;
28,29;
29,28;
29,30;
30,29;
}
label = {
1,6;
2,6;
3,6;
4,6;
5,6;
6,6;
7,16;
8,6;
9,6;
10,6;
11,6;
12,6;
13,6;
14,7;
15,6;
16,6;
17,6;
18,7;
19,6;
20,6;
21,8;
22,6;
23,6;
24,8;
25,7;
26,6;
27,8;
28,8;
29,6;
30,6;
}