edge = {
1,29;
29,1;
1,2;
2,1;
1,25;
25,1;
2,3;
3,2;
2,20;
20,2;
2,23;
23,2;
3,4;
4,3;
4,5;
5,4;
5,6;
6,5;
6,7;
7,6;
6,8;
8,6;
8,9;
9,8;
9,10;
10,9;
10,15;
15,10;
10,11;
11,10;
11,12;
12,11;
12,13;
13,12;
13,14;
14,13;
13,18;
18,13;
14,15;
15,14;
14,16;
16,14;
16,17;
17,16;
18,19;
19,18;
20,21;
21,20;
20,22;
22,20;
23,24;
24,23;
25,26;
26,25;
26,27;
27,26;
27,28;
28,27;
27,32;
32,27;
28,29;
29,28;
28,30;
30,28;
30,31;
31,30;
32,33;
33,32;
}
label = {
1,6;
2,6;
3,6;
4,6;
5,6;
6,7;
7,6;
8,6;
9,6;
10,6;
11,6;
12,6;
13,6;
14,6;
15,6;
16,8;
17,6;
18,8;
19,6;
20,6;
21,6;
22,6;
23,6;
24,7;
25,6;
26,6;
27,6;
28,6;
29,6;
30,8;
31,6;
32,8;
33,6;
}