edge = {
1,6;
6,1;
1,2;
2,1;
1,24;
24,1;
2,3;
3,2;
2,17;
17,2;
3,4;
4,3;
3,13;
13,3;
4,5;
5,4;
4,12;
12,4;
5,6;
6,5;
6,7;
7,6;
7,8;
8,7;
8,9;
9,8;
9,10;
10,9;
10,11;
11,10;
13,14;
14,13;
13,15;
15,13;
15,16;
16,15;
17,22;
22,17;
17,18;
18,17;
18,19;
19,18;
19,20;
20,19;
20,21;
21,20;
21,22;
22,21;
22,23;
23,22;
24,25;
25,24;
24,26;
26,24;
26,27;
27,26;
27,28;
28,27;
}
label = {
1,6;
2,6;
3,6;
4,6;
5,7;
6,6;
7,6;
8,8;
9,6;
10,6;
11,7;
12,6;
13,6;
14,8;
15,8;
16,6;
17,6;
18,6;
19,6;
20,6;
21,6;
22,6;
23,17;
24,6;
25,8;
26,8;
27,6;
28,6;
}